Movimentos: 0
 | 1 | 1 | 1 | 1 | 1 | 1 | 1 | x | 1 | 1 | 1 | 1 | 1 | 1 | 1 |
 | 1 | 1 | 1 | 1 | 1 | 1 | 1 | 2 | 1 | 1 | 1 | 1 | 1 | 1 | 1 |
 | 1 | 1 | 1 | 1 | 1 | 1 | 2 | 3 | 2 | 1 | 1 | 1 | 1 | 1 | 1 |
 | 1 | 1 | 1 | 1 | 1 | 2 | 3 | 3 | 3 | 2 | 1 | 1 | 1 | 1 | 1 |
 | 1 | 1 | 1 | 1 | 2 | 3 | 3 | 3 | 3 | 3 | 2 | 1 | 1 | 1 | 1 |
 | 1 | 1 | 1 | 1 | 1 | 2 | 3 | 3 | 3 | 2 | 1 | 1 | 1 | 1 | 1 |
 | 1 | 1 | 1 | 1 | 1 | 1 | 2 | 3 | 2 | 1 | 1 | 1 | 1 | 1 | 1 |
 | 1 | 1 | 1 | 1 | 1 | 1 | 1 | f | 1 | 1 | 1 | 1 | 1 | 1 | 1 |

Movimentos: 1
 | 1 | 1 | 1 | 1 | 1 | 1 | x | i | 1 | 1 | 1 | 1 | 1 | 1 | 1 |
 | 1 | 1 | 1 | 1 | 1 | 1 | 1 | 2 | 1 | 1 | 1 | 1 | 1 | 1 | 1 |
 | 1 | 1 | 1 | 1 | 1 | 1 | 2 | 3 | 2 | 1 | 1 | 1 | 1 | 1 | 1 |
 | 1 | 1 | 1 | 1 | 1 | 2 | 3 | 3 | 3 | 2 | 1 | 1 | 1 | 1 | 1 |
 | 1 | 1 | 1 | 1 | 2 | 3 | 3 | 3 | 3 | 3 | 2 | 1 | 1 | 1 | 1 |
 | 1 | 1 | 1 | 1 | 1 | 2 | 3 | 3 | 3 | 2 | 1 | 1 | 1 | 1 | 1 |
 | 1 | 1 | 1 | 1 | 1 | 1 | 2 | 3 | 2 | 1 | 1 | 1 | 1 | 1 | 1 |
 | 1 | 1 | 1 | 1 | 1 | 1 | 1 | f | 1 | 1 | 1 | 1 | 1 | 1 | 1 |

Movimentos: 2
 | 1 | 1 | 1 | 1 | 1 | x | ! | i | 1 | 1 | 1 | 1 | 1 | 1 | 1 |
 | 1 | 1 | 1 | 1 | 1 | 1 | 1 | 2 | 1 | 1 | 1 | 1 | 1 | 1 | 1 |
 | 1 | 1 | 1 | 1 | 1 | 1 | 2 | 3 | 2 | 1 | 1 | 1 | 1 | 1 | 1 |
 | 1 | 1 | 1 | 1 | 1 | 2 | 3 | 3 | 3 | 2 | 1 | 1 | 1 | 1 | 1 |
 | 1 | 1 | 1 | 1 | 2 | 3 | 3 | 3 | 3 | 3 | 2 | 1 | 1 | 1 | 1 |
 | 1 | 1 | 1 | 1 | 1 | 2 | 3 | 3 | 3 | 2 | 1 | 1 | 1 | 1 | 1 |
 | 1 | 1 | 1 | 1 | 1 | 1 | 2 | 3 | 2 | 1 | 1 | 1 | 1 | 1 | 1 |
 | 1 | 1 | 1 | 1 | 1 | 1 | 1 | f | 1 | 1 | 1 | 1 | 1 | 1 | 1 |

Movimentos: 3
 | 1 | 1 | 1 | 1 | x | ! | ! | i | 1 | 1 | 1 | 1 | 1 | 1 | 1 |
 | 1 | 1 | 1 | 1 | 1 | 1 | 1 | 2 | 1 | 1 | 1 | 1 | 1 | 1 | 1 |
 | 1 | 1 | 1 | 1 | 1 | 1 | 2 | 3 | 2 | 1 | 1 | 1 | 1 | 1 | 1 |
 | 1 | 1 | 1 | 1 | 1 | 2 | 3 | 3 | 3 | 2 | 1 | 1 | 1 | 1 | 1 |
 | 1 | 1 | 1 | 1 | 2 | 3 | 3 | 3 | 3 | 3 | 2 | 1 | 1 | 1 | 1 |
 | 1 | 1 | 1 | 1 | 1 | 2 | 3 | 3 | 3 | 2 | 1 | 1 | 1 | 1 | 1 |
 | 1 | 1 | 1 | 1 | 1 | 1 | 2 | 3 | 2 | 1 | 1 | 1 | 1 | 1 | 1 |
 | 1 | 1 | 1 | 1 | 1 | 1 | 1 | f | 1 | 1 | 1 | 1 | 1 | 1 | 1 |

Movimentos: 4
 | 1 | 1 | 1 | 1 | ! | ! | ! | i | 1 | 1 | 1 | 1 | 1 | 1 | 1 |
 | 1 | 1 | 1 | 1 | x | 1 | 1 | 2 | 1 | 1 | 1 | 1 | 1 | 1 | 1 |
 | 1 | 1 | 1 | 1 | 1 | 1 | 2 | 3 | 2 | 1 | 1 | 1 | 1 | 1 | 1 |
 | 1 | 1 | 1 | 1 | 1 | 2 | 3 | 3 | 3 | 2 | 1 | 1 | 1 | 1 | 1 |
 | 1 | 1 | 1 | 1 | 2 | 3 | 3 | 3 | 3 | 3 | 2 | 1 | 1 | 1 | 1 |
 | 1 | 1 | 1 | 1 | 1 | 2 | 3 | 3 | 3 | 2 | 1 | 1 | 1 | 1 | 1 |
 | 1 | 1 | 1 | 1 | 1 | 1 | 2 | 3 | 2 | 1 | 1 | 1 | 1 | 1 | 1 |
 | 1 | 1 | 1 | 1 | 1 | 1 | 1 | f | 1 | 1 | 1 | 1 | 1 | 1 | 1 |

Movimentos: 5
 | 1 | 1 | 1 | 1 | ! | ! | ! | i | 1 | 1 | 1 | 1 | 1 | 1 | 1 |
 | 1 | 1 | 1 | 1 | ! | 1 | 1 | 2 | 1 | 1 | 1 | 1 | 1 | 1 | 1 |
 | 1 | 1 | 1 | 1 | x | 1 | 2 | 3 | 2 | 1 | 1 | 1 | 1 | 1 | 1 |
 | 1 | 1 | 1 | 1 | 1 | 2 | 3 | 3 | 3 | 2 | 1 | 1 | 1 | 1 | 1 |
 | 1 | 1 | 1 | 1 | 2 | 3 | 3 | 3 | 3 | 3 | 2 | 1 | 1 | 1 | 1 |
 | 1 | 1 | 1 | 1 | 1 | 2 | 3 | 3 | 3 | 2 | 1 | 1 | 1 | 1 | 1 |
 | 1 | 1 | 1 | 1 | 1 | 1 | 2 | 3 | 2 | 1 | 1 | 1 | 1 | 1 | 1 |
 | 1 | 1 | 1 | 1 | 1 | 1 | 1 | f | 1 | 1 | 1 | 1 | 1 | 1 | 1 |

Movimentos: 6
 | 1 | 1 | 1 | 1 | ! | ! | ! | i | 1 | 1 | 1 | 1 | 1 | 1 | 1 |
 | 1 | 1 | 1 | 1 | ! | 1 | 1 | 2 | 1 | 1 | 1 | 1 | 1 | 1 | 1 |
 | 1 | 1 | 1 | 1 | ! | 1 | 2 | 3 | 2 | 1 | 1 | 1 | 1 | 1 | 1 |
 | 1 | 1 | 1 | 1 | x | 2 | 3 | 3 | 3 | 2 | 1 | 1 | 1 | 1 | 1 |
 | 1 | 1 | 1 | 1 | 2 | 3 | 3 | 3 | 3 | 3 | 2 | 1 | 1 | 1 | 1 |
 | 1 | 1 | 1 | 1 | 1 | 2 | 3 | 3 | 3 | 2 | 1 | 1 | 1 | 1 | 1 |
 | 1 | 1 | 1 | 1 | 1 | 1 | 2 | 3 | 2 | 1 | 1 | 1 | 1 | 1 | 1 |
 | 1 | 1 | 1 | 1 | 1 | 1 | 1 | f | 1 | 1 | 1 | 1 | 1 | 1 | 1 |

Movimentos: 7
 | 1 | 1 | 1 | 1 | ! | ! | ! | i | 1 | 1 | 1 | 1 | 1 | 1 | 1 |
 | 1 | 1 | 1 | 1 | ! | 1 | 1 | 2 | 1 | 1 | 1 | 1 | 1 | 1 | 1 |
 | 1 | 1 | 1 | 1 | ! | 1 | 2 | 3 | 2 | 1 | 1 | 1 | 1 | 1 | 1 |
 | 1 | 1 | 1 | 1 | ! | 2 | 3 | 3 | 3 | 2 | 1 | 1 | 1 | 1 | 1 |
 | 1 | 1 | 1 | 1 | x | 3 | 3 | 3 | 3 | 3 | 2 | 1 | 1 | 1 | 1 |
 | 1 | 1 | 1 | 1 | 1 | 2 | 3 | 3 | 3 | 2 | 1 | 1 | 1 | 1 | 1 |
 | 1 | 1 | 1 | 1 | 1 | 1 | 2 | 3 | 2 | 1 | 1 | 1 | 1 | 1 | 1 |
 | 1 | 1 | 1 | 1 | 1 | 1 | 1 | f | 1 | 1 | 1 | 1 | 1 | 1 | 1 |

Movimentos: 8
 | 1 | 1 | 1 | 1 | ! | ! | ! | i | 1 | 1 | 1 | 1 | 1 | 1 | 1 |
 | 1 | 1 | 1 | 1 | ! | 1 | 1 | 2 | 1 | 1 | 1 | 1 | 1 | 1 | 1 |
 | 1 | 1 | 1 | 1 | ! | 1 | 2 | 3 | 2 | 1 | 1 | 1 | 1 | 1 | 1 |
 | 1 | 1 | 1 | 1 | ! | 2 | 3 | 3 | 3 | 2 | 1 | 1 | 1 | 1 | 1 |
 | 1 | 1 | 1 | 1 | ! | 3 | 3 | 3 | 3 | 3 | 2 | 1 | 1 | 1 | 1 |
 | 1 | 1 | 1 | 1 | x | 2 | 3 | 3 | 3 | 2 | 1 | 1 | 1 | 1 | 1 |
 | 1 | 1 | 1 | 1 | 1 | 1 | 2 | 3 | 2 | 1 | 1 | 1 | 1 | 1 | 1 |
 | 1 | 1 | 1 | 1 | 1 | 1 | 1 | f | 1 | 1 | 1 | 1 | 1 | 1 | 1 |

Movimentos: 9
 | 1 | 1 | 1 | 1 | ! | ! | ! | i | 1 | 1 | 1 | 1 | 1 | 1 | 1 |
 | 1 | 1 | 1 | 1 | ! | 1 | 1 | 2 | 1 | 1 | 1 | 1 | 1 | 1 | 1 |
 | 1 | 1 | 1 | 1 | ! | 1 | 2 | 3 | 2 | 1 | 1 | 1 | 1 | 1 | 1 |
 | 1 | 1 | 1 | 1 | ! | 2 | 3 | 3 | 3 | 2 | 1 | 1 | 1 | 1 | 1 |
 | 1 | 1 | 1 | 1 | ! | 3 | 3 | 3 | 3 | 3 | 2 | 1 | 1 | 1 | 1 |
 | 1 | 1 | 1 | 1 | ! | 2 | 3 | 3 | 3 | 2 | 1 | 1 | 1 | 1 | 1 |
 | 1 | 1 | 1 | 1 | x | 1 | 2 | 3 | 2 | 1 | 1 | 1 | 1 | 1 | 1 |
 | 1 | 1 | 1 | 1 | 1 | 1 | 1 | f | 1 | 1 | 1 | 1 | 1 | 1 | 1 |

Movimentos: 10
 | 1 | 1 | 1 | 1 | ! | ! | ! | i | 1 | 1 | 1 | 1 | 1 | 1 | 1 |
 | 1 | 1 | 1 | 1 | ! | 1 | 1 | 2 | 1 | 1 | 1 | 1 | 1 | 1 | 1 |
 | 1 | 1 | 1 | 1 | ! | 1 | 2 | 3 | 2 | 1 | 1 | 1 | 1 | 1 | 1 |
 | 1 | 1 | 1 | 1 | ! | 2 | 3 | 3 | 3 | 2 | 1 | 1 | 1 | 1 | 1 |
 | 1 | 1 | 1 | 1 | ! | 3 | 3 | 3 | 3 | 3 | 2 | 1 | 1 | 1 | 1 |
 | 1 | 1 | 1 | 1 | ! | 2 | 3 | 3 | 3 | 2 | 1 | 1 | 1 | 1 | 1 |
 | 1 | 1 | 1 | 1 | ! | 1 | 2 | 3 | 2 | 1 | 1 | 1 | 1 | 1 | 1 |
 | 1 | 1 | 1 | 1 | x | 1 | 1 | f | 1 | 1 | 1 | 1 | 1 | 1 | 1 |

Movimentos: 11
 | 1 | 1 | 1 | 1 | ! | ! | ! | i | 1 | 1 | 1 | 1 | 1 | 1 | 1 |
 | 1 | 1 | 1 | 1 | ! | 1 | 1 | 2 | 1 | 1 | 1 | 1 | 1 | 1 | 1 |
 | 1 | 1 | 1 | 1 | ! | 1 | 2 | 3 | 2 | 1 | 1 | 1 | 1 | 1 | 1 |
 | 1 | 1 | 1 | 1 | ! | 2 | 3 | 3 | 3 | 2 | 1 | 1 | 1 | 1 | 1 |
 | 1 | 1 | 1 | 1 | ! | 3 | 3 | 3 | 3 | 3 | 2 | 1 | 1 | 1 | 1 |
 | 1 | 1 | 1 | 1 | ! | 2 | 3 | 3 | 3 | 2 | 1 | 1 | 1 | 1 | 1 |
 | 1 | 1 | 1 | 1 | ! | 1 | 2 | 3 | 2 | 1 | 1 | 1 | 1 | 1 | 1 |
 | 1 | 1 | 1 | 1 | ! | x | 1 | f | 1 | 1 | 1 | 1 | 1 | 1 | 1 |

Movimentos: 12
 | 1 | 1 | 1 | 1 | ! | ! | ! | i | 1 | 1 | 1 | 1 | 1 | 1 | 1 |
 | 1 | 1 | 1 | 1 | ! | 1 | 1 | 2 | 1 | 1 | 1 | 1 | 1 | 1 | 1 |
 | 1 | 1 | 1 | 1 | ! | 1 | 2 | 3 | 2 | 1 | 1 | 1 | 1 | 1 | 1 |
 | 1 | 1 | 1 | 1 | ! | 2 | 3 | 3 | 3 | 2 | 1 | 1 | 1 | 1 | 1 |
 | 1 | 1 | 1 | 1 | ! | 3 | 3 | 3 | 3 | 3 | 2 | 1 | 1 | 1 | 1 |
 | 1 | 1 | 1 | 1 | ! | 2 | 3 | 3 | 3 | 2 | 1 | 1 | 1 | 1 | 1 |
 | 1 | 1 | 1 | 1 | ! | 1 | 2 | 3 | 2 | 1 | 1 | 1 | 1 | 1 | 1 |
 | 1 | 1 | 1 | 1 | ! | ! | x | f | 1 | 1 | 1 | 1 | 1 | 1 | 1 |

Movimentos: 13
 | 1 | 1 | 1 | 1 | ! | ! | ! | i | 1 | 1 | 1 | 1 | 1 | 1 | 1 |
 | 1 | 1 | 1 | 1 | ! | 1 | 1 | 2 | 1 | 1 | 1 | 1 | 1 | 1 | 1 |
 | 1 | 1 | 1 | 1 | ! | 1 | 2 | 3 | 2 | 1 | 1 | 1 | 1 | 1 | 1 |
 | 1 | 1 | 1 | 1 | ! | 2 | 3 | 3 | 3 | 2 | 1 | 1 | 1 | 1 | 1 |
 | 1 | 1 | 1 | 1 | ! | 3 | 3 | 3 | 3 | 3 | 2 | 1 | 1 | 1 | 1 |
 | 1 | 1 | 1 | 1 | ! | 2 | 3 | 3 | 3 | 2 | 1 | 1 | 1 | 1 | 1 |
 | 1 | 1 | 1 | 1 | ! | 1 | 2 | 3 | 2 | 1 | 1 | 1 | 1 | 1 | 1 |
 | 1 | 1 | 1 | 1 | ! | ! | ! | x | 1 | 1 | 1 | 1 | 1 | 1 | 1 |

Custo total (planejado): 14
